
纯黑底：
SENSOR_DATA: 1615 1554 1548 1548 1578 1583 1610 1642 
SENSOR_DATA: 1607 1546 1540 1540 1570 1575 1602 1634 
SENSOR_DATA: 1658 1594 1592 1592 1618 1622 1650 1682 
SENSOR_DATA: 1633 1570 1566 1566 1594 1599 1626 1658 
SENSOR_DATA: 1618 1556 1551 1550 1580 1585 1612 1644 
SENSOR_DATA: 1609 1548 1542 1541 1572 1577 1604 1636 
SENSOR_DATA: 1654 1590 1593 1593 1619 1624 1651 1682 
SENSOR_DATA: 1630 1568 1567 1567 1595 1600 1627 1658 
SENSOR_DATA: 1616 1552 1551 1551 1581 1586 1613 1644 
SENSOR_DATA: 1608 1545 1542 1541 1572 1577 1604 1636 
SENSOR_DATA: 1603 1541 1536 1535 1567 1572 1599 1631 
SENSOR_DATA: 1655 1591 1590 1589 1616 1621 1648 1680 
SENSOR_DATA: 1631 1569 1565 1564 1593 1598 1625 1657 
SENSOR_DATA: 1617 1555 1552 1549 1579 1584 1611 1643 
SENSOR_DATA: 1608 1547 1542 1540 1571 1576 1603 1635 
SENSOR_DATA: 1659 1595 1593 1592 1619 1623 1651 1683 
SENSOR_DATA: 1633 1571 1567 1566 1595 1599 1627 1659 
SENSOR_DATA: 1618 1553 1551 1550 1581 1585 1613 1645 
SENSOR_DATA: 1609 1543 1541 1541 1572 1577 1604 1636 
SENSOR_DATA: 1603 1537 1535 1535 1567 1572 1599 1631 
SENSOR_DATA: 1600 1533 1532 1532 1564 1569 1596 1628 
SENSOR_DATA: 1598 1531 1530 1530 1562 1567 1594 1626 
SENSOR_DATA: 1597 1529 1529 1529 1561 1566 1593 1625



纯白底：
SENSOR_DATA: 566 402 293 263 281 355 479 717 
SENSOR_DATA: 556 398 287 260 277 346 470 708 
SENSOR_DATA: 554 396 284 258 275 342 467 704 
SENSOR_DATA: 612 423 314 276 299 394 521 759 
SENSOR_DATA: 589 411 301 268 288 372 499 735 
SENSOR_DATA: 576 404 294 263 282 360 488 721 
SENSOR_DATA: 568 400 289 260 278 353 481 713 
SENSOR_DATA: 566 398 287 258 276 349 477 709 
SENSOR_DATA: 624 425 319 277 301 400 532 767 
SENSOR_DATA: 601 413 305 268 291 379 509 745 
SENSOR_DATA: 587 406 297 263 285 367 496 731 
SENSOR_DATA: 577 402 291 260 280 358 486 721 
SENSOR_DATA: 567 398 287 258 276 349 477 712 
SENSOR_DATA: 557 394 283 257 274 340 468 705 
SENSOR_DATA: 550 392 280 256 272 332 459 699 
SENSOR_DATA: 546 390 278 256 271 327 453 694 
SENSOR_DATA: 593 410 301 271 290 366 498 745 
SENSOR_DATA: 576 402 292 265 282 352 481 727 
SENSOR_DATA: 566 398 287 261 278 344 473 716 
SENSOR_DATA: 560 395 284 259 275 339 469 710 
SENSOR_DATA: 558 393 282 257 274 337 467 706 
SENSOR_DATA: 555 392 281 256 273 336 465 704 
SENSOR_DATA: 555 392 281 256 273 336 465 703 
SENSOR_DATA: 612 417 312 275 298 390 520 762 
SENSOR_DATA: 590 407 299 267 288 370 500 742 
SENSOR_DATA: 576 401 292 262 282 357 487 730 
SENSOR_DATA: 568 397 288 259 278 349 478 722 
SENSOR_DATA: 563 395 285 257 276 345 474 718 
SENSOR_DATA: 560 394 283 256 274 343 473 715 
SENSOR_DATA: 560 394 283 256 273 341 472 713 
SENSOR_DATA: 560 394 282 256 273 341 472 712 
SENSOR_DATA: 561 394 282 256 274 342 472 712 
SENSOR_DATA: 563 394 282 256 274 343 472 712 
SENSOR_DATA: 564 394 282 256 274 344 473 712 
SENSOR_DATA: 565 394 282 256 274 344 474 712 
SENSOR_DATA: 623 421 313 275 300 396 530 770 
SENSOR_DATA: 601 411 301 267 290 377 508 748 
SENSOR_DATA: 589 405 294 262 284 365 495 735 
SENSOR_DATA: 580 401 290 259 280 358 487 727 
SENSOR_DATA: 575 399 287 257 277 354 483 722 
SENSOR_DATA: 572 397 285 256 276 352 480 718 
SENSOR_DATA: 570 396 284 256 276 350 478 716 
SENSOR_DATA: 569 396 284 256 276 349 477 716 
SENSOR_DATA: 568 396 284 256 276 349 477 716 
SENSOR_DATA: 568 395 284 256 276 349 477 714 
SENSOR_DATA: 568 395 284 256 276 349 477 713 
SENSOR_DATA: 568 395 284 256 276 349 477 712 
SENSOR_DATA: 625 422 315 275 301 400 532 770 
SENSOR_DATA: 603 411 303 267 291 379 510 748 
SENSOR_DATA: 589 404 295 262 285 367 496 735 
SENSOR_DATA: 580 400 290 259 280 359 488 727 
SENSOR_DATA: 576 398 288 257 278 355 483 722 
SENSOR_DATA: 574 397 286 256 277 353 481 719 
SENSOR_DATA: 573 396 285 256 276 352 480 718 
SENSOR_DATA: 572 395 285 256 276 351 479 717 
SENSOR_DATA: 572 395 285 256 276 351 482 718 
SENSOR_DATA: 576 396 285 256 276 354 484 721 
SENSOR_DATA: 580 397 285 256 276 356 485 722 
SENSOR_DATA: 581 398 285 256 276 356 486 721 
SENSOR_DATA: 639 427 318 276 303 408 540 777 
SENSOR_DATA: 617 416 305 268 292 387 519 754 
SENSOR_DATA: 603 409 297 263 285 375 506 739 
SENSOR_DATA: 597 405 293 261 281 369 498 729 
SENSOR_DATA: 615 412 302 265 287 385 513 747 
SENSOR_DATA: 604 407 296 262 283 375 503 736 
SENSOR_DATA: 597 404 293 260 280 369 497 728 
SENSOR_DATA: 593 402 291 258 278 365 493 723 
SENSOR_DATA: 591 401 290 258 277 363 491 721 
SENSOR_DATA: 590 400 289 258 277 362 489 720 
SENSOR_DATA: 589 400 289 258 277 361 488 718 
SENSOR_DATA: 589 400 289 258 276 361 488 718 
SENSOR_DATA: 646 431 326 279 304 415 545 775 
SENSOR_DATA: 624 419 312 271 293 395 522 754 
SENSOR_DATA: 611 412 303 266 286 383 508 740 
SENSOR_DATA: 603 408 298 263 282 377 502 733




黑到白，白到黑 （跨白线）重复:
SENSOR_DATA: 1597 1541 1547 1497 1510 1525 1550 1584 
SENSOR_DATA: 1583 1522 1526 1472 1493 1501 1528 1561 
SENSOR_DATA: 1575 1498 1501 1449 1471 1486 1516 1560 
SENSOR_DATA: 1613 1547 1550 1493 1508 1517 1554 1604 
SENSOR_DATA: 1587 1517 1505 1443 1453 1460 1499 1573 
SENSOR_DATA: 1552 1476 1472 1432 1446 1461 1499 1567 
SENSOR_DATA: 1557 1482 1469 1425 1448 1462 1497 1554 
SENSOR_DATA: 1545 1460 1451 1402 1435 1452 1485 1532 
SENSOR_DATA: 1522 1436 1430 1382 1410 1434 1460 1504 
SENSOR_DATA: 1449 1342 1322 1248 1278 1308 1337 1400 
SENSOR_DATA: 1214 1029 973 861 897 962 1013 1148 
SENSOR_DATA: 962 770 690 613 638 685 732 918 
SENSOR_DATA: 851 632 539 482 506 562 628 843 
SENSOR_DATA: 774 539 448 395 423 507 591 822 
SENSOR_DATA: 793 547 479 400 455 563 658 880 
SENSOR_DATA: 871 637 584 511 589 702 789 991 
SENSOR_DATA: 1014 799 758 713 799 906 987 1166 
SENSOR_DATA: 1073 885 861 822 910 1013 1087 1241 
SENSOR_DATA: 1155 987 973 937 1015 1105 1173 1310 
SENSOR_DATA: 1255 1106 1095 1057 1125 1197 1252 1372 
SENSOR_DATA: 1397 1266 1254 1219 1274 1331 1376 1474 
SENSOR_DATA: 1450 1343 1337 1303 1343 1384 1413 1490 
SENSOR_DATA: 1495 1402 1389 1354 1391 1418 1448 1507 
SENSOR_DATA: 1523 1449 1433 1397 1422 1439 1469 1528 
SENSOR_DATA: 1583 1518 1510 1476 1502 1515 1549 1594 
SENSOR_DATA: 1576 1521 1517 1473 1489 1509 1542 1582 
SENSOR_DATA: 1571 1523 1521 1471 1481 1505 1538 1574 
SENSOR_DATA: 1620 1572 1564 1520 1533 1554 1591 1621 
SENSOR_DATA: 1597 1551 1546 1499 1508 1531 1567 1598 
SENSOR_DATA: 1572 1525 1526 1487 1503 1519 1553 1584 
SENSOR_DATA: 1557 1510 1514 1467 1487 1497 1530 1564 
SENSOR_DATA: 1547 1490 1494 1446 1467 1483 1516 1549 
SENSOR_DATA: 1541 1464 1459 1416 1446 1469 1495 1529 
SENSOR_DATA: 1497 1397 1387 1347 1389 1418 1446 1505 
SENSOR_DATA: 1305 1152 1143 1119 1192 1257 1302 1415 
SENSOR_DATA: 981 839 790 770 819 871 939 1128 
SENSOR_DATA: 752 648 572 555 587 622 667 860 
SENSOR_DATA: 736 551 458 433 458 488 531 762 
SENSOR_DATA: 939 760 682 620 642 662 688 878 
SENSOR_DATA: 1138 986 929 867 886 908 927 1060 
SENSOR_DATA: 1269 1137 1103 1041 1058 1088 1105 1208 
SENSOR_DATA: 1359 1244 1211 1158 1184 1221 1237 1322 
SENSOR_DATA: 1429 1328 1299 1244 1282 1307 1316 1394 
SENSOR_DATA: 1522 1442 1417 1359 1394 1420 1440 1506 
SENSOR_DATA: 1524 1428 1397 1337 1383 1418 1449 1504 
SENSOR_DATA: 1528 1439 1412 1338 1354 1382 1419 1497 
SENSOR_DATA: 1515 1433 1429 1375 1393 1417 1449 1510 
SENSOR_DATA: 1520 1443 1444 1391 1408 1435 1467 1519 
SENSOR_DATA: 1523 1449 1454 1407 1417 1433 1467 1522 
SENSOR_DATA: 1524 1458 1467 1416 1422 1432 1455 1524 
SENSOR_DATA: 1515 1457 1478 1425 1427 1433 1458 1515 
SENSOR_DATA: 1561 1497 1523 1478 1475 1485 1512 1561 
SENSOR_DATA: 1537 1467 1480 1436 1454 1466 1494 1549 
SENSOR_DATA: 1541 1469 1473 1421 1445 1462 1482 1530 
SENSOR_DATA: 1537 1465 1469 1425 1441 1450 1462 1516 
SENSOR_DATA: 1573 1501 1505 1456 1465 1481 1503 1560 
SENSOR_DATA: 1582 1511 1503 1459 1466 1483 1503 1560 
SENSOR_DATA: 1576 1517 1514 1473 1479 1490 1514 1567 
SENSOR_DATA: 1545 1470 1457 1421 1447 1466 1496 1564 
SENSOR_DATA: 1552 1479 1474 1428 1453 1477 1508 1564 
SENSOR_DATA: 1555 1482 1482 1443 1466 1486 1517 1575 
SENSOR_DATA: 1545 1471 1475 1441 1467 1489 1522 1571 
SENSOR_DATA: 1592 1517 1521 1491 1518 1542 1581 1620 
SENSOR_DATA: 1568 1494 1500 1480 1499 1523 1561 1598 
SENSOR_DATA: 1554 1481 1487 1473 1491 1514 1549 1595 
SENSOR_DATA: 1556 1483 1490 1471 1492 1509 1543 1593 
SENSOR_DATA: 1610 1543 1546 1527 1546 1557 1594 1638 
SENSOR_DATA: 1592 1533 1538 1504 1526 1534 1569 1608 
SENSOR_DATA: 1582 1527 1534 1490 1514 1520 1554 1590 
SENSOR_DATA: 1576 1524 1531 1482 1506 1512 1543 1580 
SENSOR_DATA: 1622 1563 1570 1527 1548 1558 1591 1625 
SENSOR_DATA: 1598 1535 1543 1501 1516 1533 1565 1600 
SENSOR_DATA: 1584 1519 1527 1487 1498 1518 1550 1585 
SENSOR_DATA: 1569 1506 1514 1479 1497 1512 1544 1587 
SENSOR_DATA: 1552 1476 1481 1460 1483 1495 1527 1577 
SENSOR_DATA: 1545 1455 1437 1410 1456 1484 1517 1570 
SENSOR_DATA: 1553 1468 1447 1412 1446 1465 1497 1554 
SENSOR_DATA: 1570 1491 1468 1421 1442 1453 1485 1545 
SENSOR_DATA: 1629 1553 1532 1478 1491 1497 1529 1595 
SENSOR_DATA: 1614 1539 1519 1461 1469 1473 1505 1570 
SENSOR_DATA: 1595 1520 1499 1443 1454 1457 1490 1554 
SENSOR_DATA: 1627 1539 1510 1464 1485 1510 1546 1608 
SENSOR_DATA: 1587 1493 1469 1427 1459 1492 1528 1590 
SENSOR_DATA: 1565 1478 1467 1430 1462 1493 1529 1590 
SENSOR_DATA: 1564 1484 1481 1445 1475 1496 1530 1580 
SENSOR_DATA: 1564 1487 1489 1442 1470 1496 1529 1574 
SENSOR_DATA: 1562 1487 1491 1428 1454 1485 1517 1568 
SENSOR_DATA: 1551 1477 1480 1406 1435 1476 1508 1554 
SENSOR_DATA: 1596 1521 1513 1443 1473 1512 1554 1602 
SENSOR_DATA: 1568 1495 1482 1415 1450 1489 1530 1575 
SENSOR_DATA: 1542 1466 1462 1412 1444 1479 1518 1570 
SENSOR_DATA: 1536 1474 1488 1447 1467 1486 1521 1578 
SENSOR_DATA: 1547 1498 1516 1469 1481 1492 1523 1573 
SENSOR_DATA: 1566 1519 1533 1482 1489 1506 1537 1582 
SENSOR_DATA: 1578 1533 1543 1490 1504 1516 1547 1587 
SENSOR_DATA: 1589 1540 1539 1492 1503 1520 1552 1588 
SENSOR_DATA: 1602 1546 1544 1493 1503 1523 1555 1584 
SENSOR_DATA: 1600 1548 1539 1494 1503 1524 1556 1577 
SENSOR_DATA: 1649 1590 1588 1535 1546 1563 1585 1616 
SENSOR_DATA: 1616 1562 1560 1506 1516 1533 1562 1583 
SENSOR_DATA: 1601 1545 1537 1489 1495 1505 1535 1562 
SENSOR_DATA: 1587 1530 1522 1479 1482 1475 1494 1537 
SENSOR_DATA: 1577 1513 1508 1462 1476 1470 1482 1533 
SENSOR_DATA: 1571 1511 1503 1458 1473 1470 1487 1531 
SENSOR_DATA: 1580 1520 1503 1447 1469 1469 1490 1531 
SENSOR_DATA: 1580 1510 1487 1431 1455 1469 1494 1531 
SENSOR_DATA: 1618 1529 1493 1445 1486 1518 1547 1587 
SENSOR_DATA: 1582 1487 1468 1433 1464 1484 1516 1566 
SENSOR_DATA: 1550 1468 1468 1432 1451 1460 1495 1552 
SENSOR_DATA: 1541 1475 1479 1425 1438 1450 1484 1544 
SENSOR_DATA: 1576 1521 1525 1468 1486 1506 1539 1595 
SENSOR_DATA: 1552 1495 1501 1447 1464 1489 1523 1582 
SENSOR_DATA: 1542 1492 1499 1443 1464 1481 1515 1574 
SENSOR_DATA: 1536 1490 1499 1451 1464 1476 1509 1570 
SENSOR_DATA: 1532 1489 1499 1456 1464 1473 1505 1567 
SENSOR_DATA: 1530 1488 1499 1459 1464 1471 1503 1565 
SENSOR_DATA: 1529 1488 1499 1460 1464 1470 1502 1564 
SENSOR_DATA: 1528 1488 1499 1461 1464 1469 1501 1564 
SENSOR_DATA: 1528 1488 1499 1462 1464 1469 1500 1564 
SENSOR_DATA: 1528 1488 1497 1452 1454 1463 1498 1564 
SENSOR_DATA: 1529 1477 1473 1431 1445 1463 1497 1562 
SENSOR_DATA: 1542 1484 1471 1405 1407 1415 1458 1548 
SENSOR_DATA: 1551 1488 1470 1387 1373 1386 1441 1541 
SENSOR_DATA: 1543 1475 1451 1366 1371 1397 1450 1537 
SENSOR_DATA: 1525 1445 1420 1356 1385 1411 1468 1546 
SENSOR_DATA: 1516 1436 1426 1383 1413 1434 1481 1553 
SENSOR_DATA: 1561 1484 1481 1453 1479 1498 1539 1608 
SENSOR_DATA: 1537 1462 1464 1444 1469 1486 1523 1590 
SENSOR_DATA: 1523 1448 1454 1439 1463 1479 1514 1579 
SENSOR_DATA: 1515 1440 1454 1436 1458 1475 1508 1573 
SENSOR_DATA: 1510 1436 1457 1434 1455 1471 1505 1569 
SENSOR_DATA: 1507 1434 1459 1433 1453 1470 1503 1565 
SENSOR_DATA: 1504 1430 1450 1432 1452 1469 1502 1564 
SENSOR_DATA: 1502 1427 1444 1432 1452 1469 1501 1564 
SENSOR_DATA: 1501 1425 1439 1428 1452 1469 1501 1564 
SENSOR_DATA: 1552 1475 1487 1470 1497 1520 1552 1615 
SENSOR_DATA: 1531 1454 1467 1454 1479 1499 1531 1594 
SENSOR_DATA: 1519 1442 1455 1445 1468 1487 1519 1582 
SENSOR_DATA: 1512 1436 1447 1439 1463 1479 1511 1574 
SENSOR_DATA: 1507 1433 1450 1436 1458 1475 1507 1570 
SENSOR_DATA: 1504 1435 1455 1434 1450 1470 1504 1567 
SENSOR_DATA: 1515 1445 1461 1435 1455 1480 1502 1564 
SENSOR_DATA: 1522 1464 1474 1433 1447 1473 1501 1562 
SENSOR_DATA: 1538 1476 1482 1434 1453 1469 1499 1550 
SENSOR_DATA: 1592 1531 1527 1484 1498 1518 1550 1604 
SENSOR_DATA: 1587 1520 1503 1460 1479 1496 1517 1575 
SENSOR_DATA: 1577 1507 1487 1439 1463 1472 1485 1556 
SENSOR_DATA: 1559 1486 1465 1413 1450 1468 1478 1544 
SENSOR_DATA: 1535 1454 1439 1383 1417 1447 1461 1514 
SENSOR_DATA: 1495 1406 1387 1322 1348 1380 1392 1455 
SENSOR_DATA: 1363 1229 1194 1091 1123 1165 1191 1282 
SENSOR_DATA: 1154 943 872 761 789 853 908 1064 
SENSOR_DATA: 949 721 630 553 574 619 668 874 
SENSOR_DATA: 809 583 482 428 444 474 513 740 
SENSOR_DATA: 703 498 391 351 364 387 417 650 
SENSOR_DATA: 642 448 337 305 316 334 360 598 
SENSOR_DATA: 604 417 304 277 286 302 325 563 
SENSOR_DATA: 583 400 284 261 269 283 305 545 
SENSOR_DATA: 570 390 272 251 258 272 293 535 
SENSOR_DATA: 562 383 265 246 252 266 286 529 
SENSOR_DATA: 556 378 261 242 248 262 282 525 
SENSOR_DATA: 548 374 257 239 245 259 278 518 
SENSOR_DATA: 589 389 272 252 259 274 299 563 
SENSOR_DATA: 569 381 264 245 251 265 286 541 
SENSOR_DATA: 574 379 261 241 248 262 284 543 
SENSOR_DATA: 611 382 263 241 251 267 301 568 
SENSOR_DATA: 647 389 270 243 254 275 326 600 
SENSOR_DATA: 692 402 285 248 260 289 354 633 
SENSOR_DATA: 738 427 310 254 270 317 388 670 
SENSOR_DATA: 787 479 368 269 301 372 446 718 
SENSOR_DATA: 833 530 424 292 337 418 494 755 
SENSOR_DATA: 866 564 463 311 360 447 523 778 
SENSOR_DATA: 889 591 494 330 383 470 547 796 
SENSOR_DATA: 934 655 568 406 461 537 601 832 
SENSOR_DATA: 1032 789 721 575 631 690 736 930 
SENSOR_DATA: 1216 1010 955 827 875 928 963 1117 
SENSOR_DATA: 1297 1126 1090 978 1014 1068 1098 1212 
SENSOR_DATA: 1363 1219 1190 1101 1132 1184 1215 1301 
SENSOR_DATA: 1411 1291 1267 1181 1213 1260 1291 1355 
SENSOR_DATA: 1452 1343 1326 1250 1290 1328 1347 1401 
SENSOR_DATA: 1485 1400 1377 1309 1348 1371 1393 1441 
SENSOR_DATA: 1478 1403 1399 1348 1376 1397 1434 1483 
SENSOR_DATA: 1510 1436 1414 1343 1350 1375 1433 1502 
SENSOR_DATA: 1576 1504 1474 1403 1410 1435 1483 1566 
SENSOR_DATA: 1546 1484 1470 1408 1418 1448 1490 1565 
SENSOR_DATA: 1528 1472 1468 1408 1417 1451 1492 1563 
SENSOR_DATA: 1528 1468 1469 1412 1422 1445 1483 1551 
SENSOR_DATA: 1542 1488 1494 1445 1441 1454 1490 1557 
SENSOR_DATA: 1525 1462 1482 1439 1439 1438 1476 1547 
SENSOR_DATA: 1526 1440 1455 1423 1429 1432 1474 1539 
SENSOR_DATA: 1526 1424 1410 1372 1399 1432 1482 1536 
SENSOR_DATA: 1529 1439 1433 1397 1424 1445 1487 1532 
SENSOR_DATA: 1544 1458 1447 1410 1439 1452 1479 1530 
SENSOR_DATA: 1540 1457 1443 1412 1439 1444 1460 1516 
SENSOR_DATA: 1600 1517 1492 1459 1477 1479 1502 1560 
SENSOR_DATA: 1596 1518 1493 1449 1468 1473 1499 1549 
SENSOR_DATA: 1596 1525 1496 1454 1479 1491 1513 1556 
SENSOR_DATA: 1594 1526 1508 1470 1487 1495 1520 1560 
SENSOR_DATA: 1621 1558 1556 1531 1543 1548 1563 1611 
SENSOR_DATA: 1573 1504 1508 1493 1514 1517 1536 1585 
SENSOR_DATA: 1544 1462 1454 1443 1478 1485 1509 1565 
SENSOR_DATA: 1526 1437 1421 1413 1453 1465 1493 1553 
SENSOR_DATA: 1515 1422 1402 1395 1435 1451 1483 1545 
SENSOR_DATA: 1520 1424 1413 1384 1411 1437 1477 1539 
SENSOR_DATA: 1535 1449 1446 1403 1421 1450 1497 1548 
SENSOR_DATA: 1546 1467 1467 1440 1452 1481 1512 1565 
SENSOR_DATA: 1585 1513 1516 1490 1509 1537 1572 1615 
SENSOR_DATA: 1557 1477 1476 1454 1478 1509 1543 1594 
SENSOR_DATA: 1545 1455 1452 1432 1459 1493 1527 1582 
SENSOR_DATA: 1533 1442 1438 1419 1448 1483 1517 1574 
SENSOR_DATA: 1531 1434 1429 1411 1441 1477 1511 1570 
SENSOR_DATA: 1529 1430 1423 1406 1437 1473 1507 1567 
SENSOR_DATA: 1528 1424 1413 1390 1428 1471 1505 1565 
SENSOR_DATA: 1542 1444 1420 1384 1423 1462 1501 1553 
SENSOR_DATA: 1569 1487 1463 1415 1429 1452 1488 1545 
SENSOR_DATA: 1637 1563 1546 1487 1493 1497 1531 1595 
SENSOR_DATA: 1621 1552 1535 1467 1470 1473 1506 1571 
SENSOR_DATA: 1599 1528 1507 1446 1451 1458 1491 1555 
SENSOR_DATA: 1586 1508 1477 1416 1437 1460 1492 1547 
SENSOR_DATA: 1564 1476 1446 1393 1428 1464 1506 1554 
SENSOR_DATA: 1539 1458 1453 1410 1443 1476 1514 1558 
SENSOR_DATA: 1537 1469 1472 1444 1466 1496 1532 1573 
SENSOR_DATA: 1535 1463 1470 1436 1455 1496 1532 1569 
SENSOR_DATA: 1573 1500 1505 1462 1485 1523 1568 1610 
SENSOR_DATA: 1544 1463 1463 1427 1463 1496 1528 1580 
SENSOR_DATA: 1532 1450 1463 1430 1465 1485 1515 1572 
SENSOR_DATA: 1530 1455 1478 1456 1479 1489 1507 1557 
SENSOR_DATA: 1588 1521 1552 1525 1539 1545 1556 1609 
SENSOR_DATA: 1578 1526 1549 1516 1534 1538 1547 1592 
SENSOR_DATA: 1578 1529 1553 1510 1531 1536 1553 1593 
SENSOR_DATA: 1578 1531 1545 1504 1519 1532 1545 1582 
SENSOR_DATA: 1583 1534 1540 1490 1509 1519 1540 1574 
SENSOR_DATA: 1586 1535 1537 1481 1503 1509 1535 1568 
SENSOR_DATA: 1578 1532 1523 1476 1500 1503 1521 1554 
SENSOR_DATA: 1572 1514 1502 1460 1487 1484 1487 1532 
SENSOR_DATA: 1579 1516 1501 1451 1477 1478 1493 1532 
SENSOR_DATA: 1630 1563 1550 1494 1512 1523 1545 1571 
SENSOR_DATA: 1590 1508 1496 1445 1473 1488 1525 1555 
SENSOR_DATA: 1555 1487 1496 1452 1463 1465 1500 1544 
SENSOR_DATA: 1545 1487 1496 1446 1463 1458 1488 1539 
SENSOR_DATA: 1552 1489 1484 1434 1450 1460 1491 1542 
SENSOR_DATA: 1556 1491 1478 1409 1404 1410 1454 1526 
SENSOR_DATA: 1547 1479 1461 1381 1378 1402 1446 1526 
SENSOR_DATA: 1553 1469 1443 1364 1376 1413 1455 1528 
SENSOR_DATA: 1543 1451 1415 1352 1385 1420 1460 1529 
SENSOR_DATA: 1576 1481 1447 1396 1441 1475 1514 1582 
SENSOR_DATA: 1544 1451 1418 1384 1431 1460 1496 1560 
SENSOR_DATA: 1524 1433 1400 1377 1425 1451 1485 1547 
SENSOR_DATA: 1514 1423 1396 1373 1421 1449 1478 1539 
SENSOR_DATA: 1508 1417 1397 1372 1422 1451 1475 1534 
SENSOR_DATA: 1505 1419 1412 1395 1433 1456 1483 1534 
SENSOR_DATA: 1516 1446 1445 1409 1432 1449 1488 1534 
SENSOR_DATA: 1523 1464 1455 1411 1433 1451 1480 1531 
SENSOR_DATA: 1527 1467 1458 1419 1440 1456 1473 1531 
SENSOR_DATA: 1528 1462 1449 1400 1433 1449 1469 1519 
SENSOR_DATA: 1528 1449 1435 1376 1416 1444 1469 1522 
SENSOR_DATA: 1515 1439 1427 1361 1396 1432 1460 1513 
SENSOR_DATA: 1501 1423 1405 1339 1372 1406 1442 1495 
SENSOR_DATA: 1473 1381 1364 1288 1319 1355 1380 1444 
SENSOR_DATA: 1400 1280 1253 1168 1201 1245 1273 1356 
SENSOR_DATA: 1285 1127 1088 976 1018 1077 1109 1223 
SENSOR_DATA: 1135 926 868 718 772 859 914 1076 
SENSOR_DATA: 979 725 646 532 569 643 718 926 
SENSOR_DATA: 836 589 494 416 441 491 553 792 
SENSOR_DATA: 724 504 399 344 362 397 444 683 
SENSOR_DATA: 639 449 339 300 316 344 385 632 
SENSOR_DATA: 609 419 309 278 292 320 370 625 
SENSOR_DATA: 624 408 303 270 289 350 425 681 
SENSOR_DATA: 692 451 367 296 344 435 529 777 
SENSOR_DATA: 797 558 485 391 466 577 672 886 
SENSOR_DATA: 955 730 667 584 678 792 874 1066 
SENSOR_DATA: 1045 856 808 745 839 941 1009 1173 
SENSOR_DATA: 1189 1025 989 932 1017 1095 1141 1276 
SENSOR_DATA: 1311 1166 1140 1083 1156 1222 1258 1363 
SENSOR_DATA: 1400 1281 1258 1209 1265 1308 1342 1417 
SENSOR_DATA: 1509 1414 1400 1363 1403 1433 1457 1524 
SENSOR_DATA: 1519 1443 1438 1403 1429 1458 1485 1538 
SENSOR_DATA: 1525 1460 1461 1427 1445 1473 1502 1546 
SENSOR_DATA: 1538 1473 1474 1443 1462 1482 1512 1551 
SENSOR_DATA: 1548 1485 1484 1453 1475 1489 1519 1556 
SENSOR_DATA: 1554 1488 1490 1459 1483 1492 1524 1559 
SENSOR_DATA: 1557 1494 1494 1462 1488 1493 1527 1561 
SENSOR_DATA: 1560 1504 1497 1464 1491 1496 1529 1563 
SENSOR_DATA: 1567 1513 1509 1465 1492 1497 1530 1574 
SENSOR_DATA: 1618 1562 1554 1505 1533 1547 1586 1627 
SENSOR_DATA: 1597 1538 1530 1477 1505 1526 1565 1608 
SENSOR_DATA: 1585 1530 1518 1461 1490 1514 1552 1591 
SENSOR_DATA: 1565 1503 1498 1452 1479 1496 1531 1568 
SENSOR_DATA: 1563 1493 1484 1437 1460 1480 1517 1564 
SENSOR_DATA: 1563 1491 1478 1435 1451 1470 1508 1562 
SENSOR_DATA: 1563 1491 1475 1435 1456 1467 1503 1551 
SENSOR_DATA: 1551 1479 1470 1427 1448 1465 1500 1554 
SENSOR_DATA: 1557 1485 1480 1430 1454 1474 1513 1559 
SENSOR_DATA: 1559 1488 1476 1433 1457 1472 1518 1560 
SENSOR_DATA: 1560 1490 1483 1435 1462 1483 1534 1572 
SENSOR_DATA: 1574 1508 1494 1446 1475 1500 1544 1575 
SENSOR_DATA: 1582 1515 1496 1453 1483 1511 1540 1571 
SENSOR_DATA: 1562 1493 1485 1457 1478 1494 1522 1556 
SENSOR_DATA: 1561 1491 1479 1459 1481 1494 1514 1557 
SENSOR_DATA: 1619 1553 1536 1511 1533 1548 1576 1611 
SENSOR_DATA: 1597 1527 1510 1481 1507 1529 1558 1593 
SENSOR_DATA: 1596 1527 1507 1474 1491 1517 1548 1582 
SENSOR_DATA: 1596 1521 1502 1460 1482 1511 1552 1581 
SENSOR_DATA: 1584 1509 1499 1461 1474 1492 1529 1567 
SENSOR_DATA: 1576 1500 1487 1451 1470 1480 1505 1551 
SENSOR_DATA: 1556 1472 1461 1419 1448 1460 1488 1543 
SENSOR_DATA: 1547 1465 1451 1401 1438 1449 1478 1538 
SENSOR_DATA: 1542 1461 1443 1387 1426 1439 1462 1524 
SENSOR_DATA: 1538 1448 1432 1379 1418 1436 1452 1512 
SENSOR_DATA: 1536 1438 1419 1363 1410 1434 1446 1494 
SENSOR_DATA: 1572 1460 1436 1390 1439 1471 1478 1521 
SENSOR_DATA: 1518 1394 1360 1320 1378 1420 1424 1485 
SENSOR_DATA: 1434 1303 1273 1237 1297 1348 1363 1438 
SENSOR_DATA: 1321 1161 1129 1110 1186 1254 1278 1378 
SENSOR_DATA: 1193 990 946 908 1006 1098 1136 1268 
SENSOR_DATA: 1047 810 757 683 777 893 957 1137 
SENSOR_DATA: 878 640 564 512 575 675 760 983 
SENSOR_DATA: 716 528 438 402 444 510 570 812 
SENSOR_DATA: 576 459 357 333 361 405 445 666 
SENSOR_DATA: 487 418 309 291 310 339 369 565 
SENSOR_DATA: 466 394 283 267 281 301 323 521 
SENSOR_DATA: 538 392 278 258 271 292 332 571 
SENSOR_DATA: 782 599 508 442 480 523 566 769 
SENSOR_DATA: 1053 902 834 761 801 836 874 1023 
SENSOR_DATA: 1232 1112 1065 983 1014 1050 1098 1211 
SENSOR_DATA: 1351 1261 1223 1152 1182 1211 1243 1327 
SENSOR_DATA: 1396 1303 1290 1250 1284 1313 1345 1409 
SENSOR_DATA: 1513 1424 1400 1349 1368 1388 1420 1496 
SENSOR_DATA: 1508 1433 1428 1383 1396 1415 1440 1511 
SENSOR_DATA: 1517 1442 1429 1389 1403 1423 1462 1530 
SENSOR_DATA: 1536 1462 1455 1418 1428 1441 1475 1531 
SENSOR_DATA: 1547 1472 1460 1426 1444 1450 1459 1517 
SENSOR_DATA: 1553 1481 1464 1429 1451 1457 1473 1529 
SENSOR_DATA: 1574 1509 1491 1445 1468 1475 1497 1554 
SENSOR_DATA: 1530 1465 1461 1433 1468 1483 1496 1543 
SENSOR_DATA: 1543 1474 1474 1445 1468 1477 1497 1551 
SENSOR_DATA: 1524 1456 1457 1427 1453 1474 1499 1554 
SENSOR_DATA: 1541 1468 1459 1406 1435 1459 1485 1533 
SENSOR_DATA: 1561 1488 1473 1416 1436 1460 1478 1520 
SENSOR_DATA: 1619 1553 1545 1498 1512 1525 1531 1564 
SENSOR_DATA: 1608 1546 1540 1498 1508 1515 1517 1549 
SENSOR_DATA: 1596 1535 1522 1471 1479 1494 1497 1540 
SENSOR_DATA: 1584 1516 1495 1431 1450 1471 1485 1535 
SENSOR_DATA: 1628 1555 1523 1458 1481 1508 1529 1586 
SENSOR_DATA: 1603 1528 1493 1423 1451 1479 1504 1562 
SENSOR_DATA: 1588 1512 1475 1402 1430 1462 1489 1548 
SENSOR_DATA: 1579 1502 1464 1390 1418 1452 1480 1540 
SENSOR_DATA: 1574 1496 1458 1382 1410 1446 1475 1535 
SENSOR_DATA: 1589 1508 1469 1395 1418 1455 1484 1544 
SENSOR_DATA: 1580 1500 1457 1385 1410 1447 1477 1537 
SENSOR_DATA: 1574 1495 1453 1379 1406 1443 1473 1533 




小车大致居中位置：

  SENSOR_DATA: 1469 1064 716 332 346 604 998 1344 
SENSOR_DATA: 1455 1049 701 326 339 589 982 1329 
SENSOR_DATA: 1447 1040 692 322 334 580 972 1320 
SENSOR_DATA: 1494 1092 744 343 359 632 1027 1372 
SENSOR_DATA: 1470 1066 718 332 346 606 999 1346 
SENSOR_DATA: 1454 1050 702 326 339 590 983 1330 
SENSOR_DATA: 1446 1041 693 322 335 581 973 1321 
SENSOR_DATA: 1493 1093 745 341 359 629 1025 1373 
SENSOR_DATA: 1470 1067 719 331 347 604 998 1347 
SENSOR_DATA: 1456 1051 703 325 339 589 982 1331 
SENSOR_DATA: 1448 1042 693 321 334 580 972 1321 
SENSOR_DATA: 1443 1036 687 319 332 575 966 1315 
SENSOR_DATA: 1440 1034 684 318 330 572 963 1312 
SENSOR_DATA: 1438 1031 682 317 329 570 961 1310 
SENSOR_DATA: 1437 1031 681 317 329 569 960 1309 
SENSOR_DATA: 1442 1034 682 317 329 568 964 1319 
SENSOR_DATA: 1439 1033 681 317 328 566 961 1314 
SENSOR_DATA: 1437 1032 680 317 328 564 959 1311 
SENSOR_DATA: 1436 1032 680 317 328 562 958 1308 
SENSOR_DATA: 1436 1032 680 317 328 561 957 1306 
SENSOR_DATA: 1442 1036 686 318 331 566 962 1307 
SENSOR_DATA: 1439 1034 683 317 329 564 960 1305 
SENSOR_DATA: 1437 1033 681 317 328 562 958 1304 
SENSOR_DATA: 1436 1032 680 317 328 561 957 1304 
SENSOR_DATA: 1436 1035 680 317 328 563 962 1310 
SENSOR_DATA: 1436 1033 680 317 328 562 960 1307 
SENSOR_DATA: 1436 1032 680 317 328 561 958 1307 
SENSOR_DATA: 1436 1032 680 317 328 561 957 1307 
SENSOR_DATA: 1436 1032 680 317 328 560 957 1305 
SENSOR_DATA: 1488 1088 737 338 355 616 1013 1358 
SENSOR_DATA: 1467 1065 714 329 344 593 990 1336 
SENSOR_DATA: 1454 1051 700 324 337 579 976 1323 
SENSOR_DATA: 1447 1043 692 321 333 571 968 1315 
SENSOR_DATA: 1442 1038 687 319 331 566 963 1310 
SENSOR_DATA: 1440 1035 684 318 329 563 960 1307 
SENSOR_DATA: 1438 1033 682 317 328 561 958 1305 
SENSOR_DATA: 1437 1032 681 317 328 560 957 1304 
SENSOR_DATA: 1488 1088 737 338 355 616 1013 1357 
SENSOR_DATA: 1467 1065 714 329 344 593 990 1335 
SENSOR_DATA: 1455 1051 700 324 337 579 976 1322 
SENSOR_DATA: 1447 1043 692 321 333 571 968 1314 
SENSOR_DATA: 1443 1038 687 319 331 566 963 1310 
SENSOR_DATA: 1492 1091 741 340 356 619 1017 1361 
SENSOR_DATA: 1470 1067 716 330 344 595 993 1338 
SENSOR_DATA: 1456 1053 701 324 337 581 978 1324 
SENSOR_DATA: 1448 1044 692 321 333 572 969 1316 
SENSOR_DATA: 1443 1039 687 319 331 567 964 1311 
SENSOR_DATA: 1492 1093 741 340 356 619 1018 1362 
SENSOR_DATA: 1470 1068 716 330 344 594 993 1338 
SENSOR_DATA: 1456 1053 701 324 337 580 978 1324 
SENSOR_DATA: 1448 1044 692 320 333 572 969 1316 
SENSOR_DATA: 1443 1039 687 318 331 566 963 1311 
SENSOR_DATA: 1492 1093 741 339 356 619 1017 1362 
SENSOR_DATA: 1470 1068 716 329 344 594 992 1338 
SENSOR_DATA: 1456 1053 701 324 337 579 977 1324 
SENSOR_DATA: 1448 1044 692 321 333 570 968 1316 
SENSOR_DATA: 1443 1039 687 319 331 564 963 1311 




